.3
.45
.48
.43
.5
.57
.51
.51
.53
.53
.4
.4
.48
.46
.5
.5
.5
.5
.53
.6
.57
.57
.62
.6
.62
.6
.56
.62
.67
.67
.67
.67
.67
.67
.67
.67
.68
.68
.68
.68
.68
.64
.64
.65
.66
.66
.67
.67
.67
.67
.67
.67
.67
.67
.67
.67
.57
.57
.57
.57
.58
.58
.58
.58
.62
.62
.53
.53
.53
.53
.53
.65
.65
.48
.48
.48
.48
.35
.35
.35
.4
.4
.55
.45
.45
.46
.37
.3
.33
.45
.45
.45
.45
.29
.29
.29
.29
.29
.29
.39
.39
.39
.39
.39
.39
.39
.39
.39
.39
.39
.39
.39
.39
.39
.29
.3
.3
.3
.3
.3
.3
.35
.35
.35
.25
.22
.22
.22
.22
.2
.2
.2
.2
.12
.12
.25
.19
.18
.18
.22
.22
.2
.26
.26
.26
.23
.3
.18
.25
.25
.23
.28
.3
.3
.3
.3
.3
.3
.3
.37
.25
.25
.25
.25
.25
.25
.2
.18
.18
.18
.18
.18
.24
.24
.24
.24
.24
.24
.24
.15
.15
.15
.14
.14
.17
.15
.15
.15
.22
.22
.22
.22
.22
.22
.28
.28
.28
.28
.25
.25
.25
.25
.15
.15
.15
.15
.26
.2
.2
.27
.2
.29
.29
.35
.27
.27
.32
.32
.32
.32
.32
.32
.38
.36
.36
.36
.36
.36
.4
.38
.4
.38
.38
.38
.38
.38
.44
.5
.44
.45
.47
.47
.41
.48
.48
.48
.48
.48
.46
.46
.46
.46
.46
.46
.46
.49
.49
.47
.48
.48
.48
.45
.4
.48
.48
.37
.37
.37
.37
.37
.37
.37
.37
.37
.38
.3
.35
.35
.35
.35
.35
.35
.3
.35
.35
.35
.35
.35
.35
.35
.32
.32
.32
.32
.32
.32
.32
.28
.28
.28
.28
.28
.28
.28
.28
.41
.41
.42
.42
.42
.42
.42
.35
.35
.35
.35
.35
.3
.27
.27
.27
.27
.27
.27
.27
.3
.3
.28
.28
.32
.3
.3
.29
.33
.33
.32
.32
.32
.34
.35
.4
.4
.4
.52
.52
.5
.48
.48
.44
.44
.46
.45
.45
.45
.45
.45
.45
.42
.42
.41
.41
.45
.39
.39
.39
.39
.39
.39
.39
.4
.4
.44
.46
.46
.46
.41
.41
.4
.4
.4
.4
.4
.38
.38
.38
.38
.38
.38
.38
.38
.38
.38
.38
.38
.38
.38
.38
.38
.38
.48
.48
.48
.46
.48
.48
.49
.49
.49
.49
.49
.49
.51
.47
.47
.46
.46
.46
.46
.46
.46
.45
.45
.52
.52
.5
.5
.52
.5
.5
.5
.52
.52
.55
.55
.6
.6
.6
.6
.66
.66
.66
.68
.69
.66
.66
.66
.66
.68
.72
.7
.69
.69
.69
.69
.67
.67
.71
.75
.67
.74
.73
.7
.7
.75
.75
.75
.75
.75
.75
.75
.75
.75
.75
.77
.77
.77
.77
.77
.81
.85
.81
.81
.8
.8
.8
.7
.7
.7
.7
.7
.78
.73
.84
.78
.85
.85
.9
.9
.9
.9
.85
.85
.91
.9
.93
.93
.93
.93
.9
.9
.9
.9
.85
.91
.91
.91
.91
.92
1
1
.97
.97
.97
.95
.96
.94
.94
.98
.98
.98
.94
.94
.94
.94
.87
.85
.85
.85
.85
.65
.88
.89
.9
.87
.84
.85
.8
.87
.92
.97
.92
.9
.92
.93
1
1
1.25
1.25
1.06
1.11
1.04
1.03
1.01
1.01
1.02
1
1.01
.92
1.01
1.01
1
.96
1
.95
.95
.95
.89
.89
.89
.89
1
.85
.83
.83
.83
.83
.83
.83
.83
.83
.9
.92
.92
.95
.95
.95
.95
1
1
.93
1
.93
.98
.95
.93
.95
.95
.95
.95
.95
.94
.95
.95
.98
.9
.9
.9
.9
.9
.9
.9
.94
.94
.94
.94
.94
.89
.89
.94
.94
.9
.9
.9
.9
.89
.9
.9
.84
.85
.88
.88
.9
.91
.91
.92
.96
.92
.92
.97
.95
.98
1.05
.99
.97
.97
1.01
1.01
1.01
.95
.99
.99
1.01
1.01
1
1
.98
.98
.98
.93
.98
.98
.98
.98
.98
.98
.98
.95
.93
.95
.95
.9
.91
.91
.85
.85
.85
.81
.85
.85
.8
.85
.87
.87
.87
.87
.87
.93
.94
.95
.95
.95
.95
.93
.93
.91
.91
.91
.91
.93
.93
.93
.93
.91
.91
.93
.93
.93
.95
.9
.9
.9
.9
.9
.87
.91
.96
.95
1
.97
.97
.91
.91
.91
.96
.95
.93
.93
.93
.91
.93
.92
.9
.88
.91
.86
.92
.86
.88
.88
.85
.92
.85
.85
.9
.85
.85
.85
.83
.81
.76
.8
.81
.81
.8
.8
.88
.9
.9
.9
.95
.9
.96
1.03
1.01
1
1.01
1.1
1.16
1.08
1.1
1.12
1.06
1.07
1.1
1.12
1.22
1.23
1.17
1.12
1.13
1.16
1.2
1.2
1.15
1.15
1.14
1.05
1.17
1.17
1.1
1.05
1.17
1.12
1.12
1
1.12
1.12
1.2
1.22
1.3
1.3
1.56
1.42
1.59
1.6
1.6
1.6
1.75
1.75
2
2
1.85
1.9
2.05
2.1
2
2.1
2
1.9
1.9
1.95
1.95
2
2.05
2.15
2.2
2.3
2.35
2.62
3
2.55
2.6
2.96
3.05
3.13
3.4
3.43
3.84
3.85
3.7
3.52
3.22
3.33
3.4
3.2
3.25
3.05
3
2.91
2.85
3.03
3
3
2.85
3
3
2.98
2.75
2.65
2.83
2.8
2.79
2.82
3
2.96
2.96
2.7
2.8
2.65
2.85
2.9
3.1
3.12
3.45
3.45
3.5
3.5
3.5
3.32
3.2
3.29
3.4
3.3
3.3
3.22
3.17
3.2
3.2
3.15
3.11
3.15
3.15
3.1
3.1
3
3
2.95
2.98
2.95
3.1
3
3
2.95
2.95
2.95
3
3
3
2.95
3.1
3
3.15
3
3.05
2.95
2.95
2.95
3
3
3
3
3.05
3
2.99
3
3.05
2.99
3.15
3.44
3.55
3.6
3.55
3.6
3.4
3.35
3.45
3.5
3.4
3.4
3.45
3.45
3.25
3.35
3.25
3.3
3.3
3.25
3.21
3.3
3.24
3.2
3.25
3.3
3.3
3.3
3.2
3.25
3.3
3.2
3.44
3.4
3.4
3.7
3.85
3.66
3.66
3.7
3.66
3.75
3.68
3.75
3.7
3.77
3.77
3.77
3.77
3.78
3.75
3.83
3.84
3.78
3.83
3.75
3.55
3.5
3.4
3.7
3.8
4.48
4.6
4.8
4.94
4.9
4.43
4.43
4.2
4.05
4.07
3.9
3.78
3.8
3.9
4
3.81
3.85
4.1
4.1
3.7
4.1
3.9
3.75
3.95
3.8
4
4.35
4.15
4.3
4
4
3.75
3.9
4
3.91
3.82
3.75
3.85
3.95
3.08
2.95
3.09
3.1
3.12
3.12
3.05
2.9
2.95
3
